11 x 16 tiles

0 = soil

1 = grass
2 = grass_top
3 = grass_left
4 = grass_right
5 = grass_bott

6 = trees_top
7 = trees_left
8 = trees_right
9 = trees_bott


7 6 6 6 6 6 6 6 6 6 6 6 6 6 6 8
7 1 1 1 1 1 1 1 1 1 1 1 1 1 1 8
7 1 1 2 2 2 2 2 2 2 2 2 2 1 1 8
7 1 3 0 0 0 0 0 0 0 0 0 0 4 1 8
7 1 3 0 0 0 0 0 0 0 0 0 0 4 1 8
7 1 3 0 0 0 0 0 0 0 0 0 0 4 1 8
7 1 3 0 0 0 0 0 0 0 0 0 0 4 1 8
7 1 3 0 0 0 0 0 0 0 0 0 0 4 1 8
7 1 1 5 5 5 5 5 5 5 5 5 5 1 1 8
7 1 1 1 1 1 1 1 1 1 1 1 1 1 1 8
7 9 9 9 9 9 9 9 9 9 9 9 9 9 9 8



0 0 0 0 0 0 0 0 0 0 0 0 0 0 0 0
0 0 0 0 0 0 0 0 0 0 0 0 0 0 0 0
0 0 0 0 0 0 0 0 0 0 0 0 0 0 0 0
0 0 0 0 0 0 0 0 0 0 0 0 0 0 0 0
0 0 0 0 0 0 0 0 0 0 0 0 0 0 0 0
0 0 0 0 0 0 0 0 0 0 0 0 0 0 0 0
0 0 0 0 0 0 0 0 0 0 0 0 0 0 0 0
0 0 0 0 0 0 0 0 0 0 0 0 0 0 0 0
0 0 0 0 0 0 0 0 0 0 0 0 0 0 0 0
0 0 0 0 0 0 0 0 0 0 0 0 0 0 0 0
0 0 0 0 0 0 0 0 0 0 0 0 0 0 0 0
